1010
810
1070
870
1950
2240
1350
610
2030
1150
340
1400
1290
1090
810
400
1640
990
580
530
950
860
1140
970
700
1260
350
1330
1080
1160
710
1090
770
2080
1700
1410
710
1140
350
1130
1990
700
650
1100
1030
740
1540
630
900
1190
1490
1170
770
310
450
300
450
1840
1620
780
1660
710
1300
580
1060
1540
690
400
820
990
570
700
900
1210
570
1180
1050
2530
510
1030
1340
1670
740
1150
580
510
1420
1220
1430
1530
1020
1020
720
1880
1620
600
1680
990
1230
1140
1640
1710
1660
1160
1850
1410
1570
940
1080
1170
1290
960
1010
1500
900
980
1390
1060
400
380
1700
470
1130
1490
1310
880
990
1530
1180
1740
1530
1620
1080
550
1310
1670
1540
1410
1480
1410
830
880
720
740
600
420
760
1870
1280
210
1870
1930
1650
780
720
1170
1860
860
1030
740
1740
1350
1230
1460
770
1300
1940
1330
1130
650
1020
490
900
1030
1620
1980
1470
960
1970
1710
1550
990
1490
1600
1860
1120
610
1240
1970
1340
1470
1590
1780
1140
1110
1470
420
580
1150
640
1110
1050
1240
1220
850
790
770
1110
1100
1230
1210
800
1300
860
1770
750
970
1510
660
770
1430
1920
1250
260
1000
620
2440
850
920
1340
1250
190
650
1830
700
2040
1320
1000
1210
1110
1010
1130
460
1350
1890
980
1230
1250
1020
940
1440
910
1760
1090
1190
1050
1660
1390
660
390
830
680
620
500
880
1740
1450
1260
1680
1570
1020
1070
1080
190
1460
1870
850
1500
1040
1220
1010
380
1090
1290
940
1650
1330
850
440
1560
1310
1100
960
1370
540
1470
1130
1010
600
1800
1360
1070
980
240
430
1340
1130
1500
840
840
1080
1500
350
2470
2270
790
1120
1340
990
740
360
1040
1790
1220
990
1930
1750
750
1000
2090
360
1610
2150
1690
1260
640
1470
1870
1020
1520
1140
1000
1290
960
1680
220
1300
1160
1170
1730
1780
1440
440
490
1410
720
1330
2470
750
1200
1780
1350
740
1950
770
1410
1570
1430
910
670
1160
690
1050
1470
910
1340
1370
690
1380
1160
580
1950
1000
1370
1500
620
480
1530
1210
910
890
670
520
2030
2050
1440
990
830
790
2370
640
1240
1040
1070
550
1720
1810
710
1680
1500
1190
970
1740
2480
1130
2520
1380
660
1830
680
1470
490
1310
1880
970
1780
1240
1030
2070
1180
1460
1830
1110
1120
850
1340
970
960
1290
1290
830
1120
1500
820
760
1700
2110
960
1840
1160
1180
1300
1090
930
440
1420
820
1800
970
680
1620
840
840
1650
1160
580
1290
1500
180
1410
1220
990
1570
1320
1600
800
500
1740
1240
970
450
1500
1840
900
1060
1000
2010
1540
1600
1000
1480
1120
1190
1360
410
2590
930
1370
600
290
1270
1530
730
1250
150
710
520
1490
1420
910
1560
1760
1010
970
1580
1520
1410
1290
1120
550
880
720
1580
1360
1520
3080
1820
460
1680
590
590
1700
920
1400
960
1960
1070
980
1680
1320
1220
860
860
1520
1760
1140
440
1600
1780
1040
1540
1020
1460
1120
340
750
1400
830
1450
1750
2520
1260
1600
1680
1210
940
860
1380
1590
1740
370
1340
410
330
1000
830
1530
970
610
950
1140
670
1200
730
840
1020
630
1560
310
500
1000
1010
1020
1190
1290
1400
1270
1660
1150
1300
1140
690
790
1410
1800
1040
1510
1690
800
1230
690
1620
800
620
840
1370
1020
1020
920
170
780
1780
1310
890
800
1650
790
1120
1420
380
1410
1640
1880
170
1420
1880
1520
1130
840
1720
740
1130
1060
150
710
1820
1070
2150
1760
1430
940
1380
2060
650
1130
2030
820
900
360
1050
890
2340
1500
1890
1760
1020
1480
1970
850
980
1540
1940
670
830
1490
1230
1260
600
1810
840
1570
450
1180
1220
960
1050
830
1770
630
1470
2010
890
1580
1470
1770
580
910
860
1280
1390
2000
2610
1130
610
2060
780
2070
1160
1840
1940
1610
680
930
640
750
790
1040
1910
730
700
1180
1540
1460
1090
680
750
2140
1540
980
760
1220
880
1880
900
1040
1000
1410
630
580
1290
1300
1240
860
1350
1720
1200
1550
1300
1080
1600
1120
1060
950
1490
1230
1420
1230
450
1230
2000
480
850
2170
1030
530
410
1550
2340
1340
540
1760
1410
1970
1480
1530
810
1740
1020
1180
1360
1140
810
370
1280
1160
580
1660
450
1530
430
960
1150
1880
1350
1150
320
1020
1280
840
1540
330
1440
930
910
1330
610
1030
690
160
820
1130
1140
950
1820
1220
1080
1320
1510
740
1500
1030
1030
970
860
1430
980
790
1290
970
1230
1540
1240
1570
1130
830
250
980
1560
410
830
520
440
1390
1430
2010
830
1060
1570
750
1700
2240
1530
1430
810
1450
630
1170
540
430
960
550
1450
1200
1000
690
1320
1250
880
400
1850
580
1210
1170
1350
930
370
1790
880
1540
1330
1200
1870
900
1250
1040
1210
580
680
1220
1490
1550
790
970
460
1440
2000
1680
1370
700
880
1470
880
750
1260
810
1530
1560
1110
1000
360
1330
480
710
1110
1420
1550
510
1230
1510
830
2030
1150
590
1410
790
930
1180
1830
1460
2210
760
1810
310
1390
1390
1370
860
2080
1470
820
340
1410
820
1670
1340
1890
750
1210
1720
1090
1080
1320
660
940
300
1330
1600
1280
2010
900
1720
1320
1780
1020
1690
220
850
1750
2640
1270
1390
1670
1180
1350
1080
1140
1370
490
1750
770
500
770
390
1430
700
1770
980
1390
1020
1280
1560
2310
720
1380
950
2280
2020
1000
1820
2060
1730
1020
1300
1760
1060
1180
1670
1610
950
360
1160
3080
800
1140
1410
1190
1300
1860
660
610
1090
590
1730
1330
940
920
620
380
1040
1300
590
970
1030
490
1140
980
1870
1420
570
1750
1240
1420
1680
1230
920
1090
400
1270
1120
830
1300
1110
1110
570
1580
1070
1110
1060
1130
880
560
860
1980
870
1130
750
1140
1530
1420
740
380
710
1000
510
1480
710
940
1870
970
1080
590
1890
1300
1560
850
1540
1480
1820
1560
940
480
690
770
1290
860
1070
620
1700
1000
850
1660
460
2320
1290
730
610
1020
930
520
1220
440
540
1550
1260
2020
1370
2020
2040
1340
1330
2150
940
2410
310
550
1170
1810
1400
1000
1600
1410
1340
1120
1320
1240
1080
1550
1210
160
1950
730
750
780
910
810
1100
1500
1360
1370
1550
730
640
1050
670
1100
2300
680
2050
870
1120
890
830
1820
400
1230
730
1800
690
2000
1220
1490
840
1660
1080
650
850
1790
1320
850
2140
2680
1020
1460
1710
460
740
2180
1250
1200
560
370
1250
1320
940
1150
520
690
500
2140
1140
1260
1610
1400
1330
920
880
1030
1080
1240
1490
1780
510
1840
1310
1230
1760
1080
1260
1420
1310
870
940
1410
1150
1460
1800
1670
970
1230
900
2100
1150
1210
1280
1170
2020
1730
690
1320
1740
930
460
2590
1670
1070
1350
1680
1720
1100
840
2050
620
1230
1520
1880
1410
1540
1080
1610
1640
720
1200
690
1960
1460
1430
1660
1060
1580
1050
670
1450
650
1230
850
500
1390
1600
1340
1340
790
1410
2090
2090
1130
870
1780
1340
650
670
1910
970
1300
1330
1550
580
70
580
840
1150
1310
890
670
750
1340
1900
720
800
1830
1180
830
2000
870
1750
250
1240
1400
870
1390
1830
1440
860
2160
560
1750
1090
1340
1530
1360
2120
790
560
1470
510
1950
1800
1410
690
490
1720
1500
980
930
1280
1270
500
1340
780
700
1790
1510
1880
1780
910
1960
1820
1500
1570
1770
820
1130
1320
1660
1110
1480
1820
1420
940
1850
1380
1390
490
910
840
1870
1180
750
1190
670
1020
1000
1780
330
360
1380
1540
690
650
1210
1280
690
1400
1280
880
770
1620
1360
420
830
710
2030
1100
1730
1080
610
990
1940
1600
700
1990
1190
1300
1280
2040
860
1280
1560
1780
1000
1460
1540
1040
1530
1030
1230
1510
1880
1470
1050
1210
760
1210
950
700
1840
670
2020
860
1240
1500
1250
1080
550
590
1870
1340
890
700
900
1380
1340
1620
1510
920
1240
990
1430
1240
1540
950
720
1090
560
630
520
1410
1270
630
1440
2210
2080
790
730
1260
1380
1790
1330
1520
2060
1060
1150
1900
1290
1110
1810
1060
1380
680
1030
1660
1380
720
1570
2060
1940
1950
580
980
320
790
800
1110
1530
500
1130
810
870
2530
1750
670
2130
2130
490
740
1280
1580
1200
820
1170
1290
1050
640
1270
1350
980
1550
190
1570
1180
1290
550
2210
1150
760
1750
2280
1200
890
1640
1660
600
940
860
1660
470
1510
520
410
720
1150
1860
760
930
1070
480
1410
1370
1410
1070
1430
310
710
380
980
1030
1490
1470
680
1460
650
950
1410
1200
1040
440
1260
1170
900
1030
1700
1070
1080
960
970
1690
1110
1130
1520
1260
1740
1620
1350
1770
1080
1310
950
450
650
800
1090
1970
590
1440
1810
1680
960
1270
670
2180
1560
490
980
230
770
690
770
620
900
1880
1810
930
330
1230
970
290
510
1610
650
1140
2080
1340
1220
1080
2020
790
1440
860
1670
1690
1490
820
600
1480
540
360
1890
1100
590
810
1550
1360
490
990
800
330
1340
530
1040
1680
980
1460
1330
1110
1660
1600
1730
750
2060
2190
640
1330
1250
1100
410
840
1640
1490
1770
1340
560
670
1370
1360
1220
1240
1860
1550
600
510
850
820
1520
1080
1200
1220
990
1440
1550
1500
2090
610
1420
1500
1280
1520
1710
780
880
1260
1850
990
2030
750
1560
580
2070
1490
1020
1280
1290
1090
970
1370
1160
1030
1080
790
1280
1880
470
1160
890
860
850
1600
1340
740
1500
1080
730
1700
860
940
880
1770
660
480
1030
1660
1380
670
420
1100
1990
1050
810
1280
1150
1330
850
1320
1480
1110
1020
1160
1040
700
1840
620
1640
460
780
1840
1840
1490
1540
2400
1140
760
900
1560
620
1200
1190
830
2330
1550
730
1290
1520
1040
790
1610
970
1280
1060
540
1540
740
1360
940
1070
1380
1070
890
1660
1280
1300
510
650
2220
630
1080
1560
2580
870
1090
990
1160
710
1080
720
1090
800
900
1920
1120
1960
1940
1150
1440
1030
1350
1120
1340
1730
700
480
1150
510
1220
1140
2110
1320
380
810
490
1560
810
1890
960
590
900
1370
1320
160
1270
210
1070
1000
1670
1150
540
950
1450
870
220
560
1310
1870
720
1720
2730
1160
310
710
1100
950
940
1230
590
640
580
1600
1860
1610
1570
630
570
1510
430
670
910
710
670
800
1070
600
930
1740
1870
1320
330
560
930
1010
790
610
1410
1400
670
1100
1650
1850
2160
1320
1290
750
590
1330
1060
1440
590
1660
660
1380
1240
610
1020
1530
960
1200
1480
1520
650
1320
1100
780
810
1020
1310
1100
1220
1720
760
1210
2240
680
1570
1330
900
530
1110
1640
830
2220
990
1150
470
980
1100
700
1820
1240
1410
2000
580
840
1170
1270
1620
860
1790
690
1500
710
1480
1330
1250
1790
870
1090
1220
1730
1830
1180
970
1290
1760
1060
1750
1370
1090
1640
1430
820
1530
1060
1270
1680
1490
720
1150
660
590
990
1000
1310
490
1320
780
1130
1220
940
490
1070
1420
1370
780
1230
1070
1050
1310
1240
1400
1270
1160
1040
530
1810
1470
1200
1280
1540
2390
1370
1210
950
1360
1130
1700
1060
1130
970
630
440
1050
830
1970
1340
1590
2090
1110
1750
760
1800
630
490
1110
390
1000
640
1640
560
1390
1610
1560
1380
730
1250
960
1880
1670
920
350
1290
1420
580
1000
1420
1080
1370
1340
650
450
1520
2050
540
1210
760
1270
1130
890
1240
1650
1010
890
1320
530
890
1530
1420
1630
860
950
1490
1210
1320
1670
910
1370
850
1740
920
1500
960
1090
710
960
1070
330
1030
1610
940
1290
1060
320
920
520
1700
1020
1050
1660
1240
1580
900
1440
1300
660
750
940
560
1780
1720
700
630
1890
540
780
640
1780
1720
1950
1310
360
1280
700
1110
800
1090
860
1170
1040
1080
630
1220
1720
1300
660
680
1670
1950
690
1960
560
960
890
1280
530
1290
1380
1350
1060
470
1800
1320
1750
1930
1030
1940
1300
580
1650
120
1930
2160
660
2360
1870
1400
1470
600
1440
2020
1370
1170
1000
1660
1070
1230
970
1080
1270
1900
770
1370
1130
690
410
1190
1810
680
1510
700
1040
1710
550
1340
900
1210
1620
1660
930
1340
570
1020
1220
770
1540
1370
810
1780
1610
740
740
910
1390
1090
140
930
1330
1080
1110
970
890
350
710
1520
1380
1060
790
790
840
350
1070
1000
550
710
1100
1170
1400
2260
1630
690
560
1420
1230
460
1350
1030
1760
1160
1480
950
1100
670
1030
1790
1290
800
1470
1750
1030
1260
1470
710
650
1190
1410
1010
1820
470
1340
920
1840
700
2350
480
1210
1510
2470
980
1620
1250
1100
410
650
1410
1420
820
1290
1290
1370
1360
1090
1040
1120
1310
650
440
1590
1080
1570
750
790
2020
1730
660
1210
1310
1150
1640
720
480
900
1270
1460
680
740
420
1030
1660
590
1870
1070
1340
1710
640
910
1310
1610
1380
1290
930
980
1330
1820
1390
350
1540
620
1390
430
900
1200
530
1070
1280
1220
1330
860
530
1270
1580
1100
1090
560
1910
880
660
1160
1210
840
760
1230
870
830
530
590
1670
1410
780
540
1560
1630
1320
1360
1490
830
1520
1320
1060
1250
1450
1130
1360
1400
820
330
980
1440
1350
1210
770
940
1130
660
2090
900
1300
1720
1120
870
310
1970
2040
960
1710
1200
1190
490
640
710
320
440
2580
1000
1000
940
930
470
240
800
1610
1290
1720
1530
640
1080
810
660
1210
630
1860
1020
1300
1090
780
1350
1380
1280
1360
1240
1630
620
1290
1440
530
1320
1400
1350
1110
1050
1630
1050
1190
1690
1860
1000
1430
1260
1610
920
860
1270
630
1010
1420
570
650
1590
1370
2040
1750
1190
1350
610
1510
950
1660
500
940
1700
570
1320
2050
990
1490
1620
1070
1790
1180
1180
1150
1370
510
1310
1720
1180
440
830
1170
1840
1640
1730
830
1340
1820
910
1330
630
1980
1140
960
310
1370
1390
1620
900
790
1100
1210
840
1220
910
1520
410
1600
1110
990
1070
1640
1060
1400
1350
650
930
890
500
1790
910
1550
810
800
1250
600
1340
260
950
1620
1120
1250
950
930
770
1540
2520
1570
1230
490
790
1900
1840
720
1660
1810
660
1110
290
1430
860
960
890
710
790
1530
1290
800
470
960
1460
670
1660
1140
1270
1490
1110
1850
2120
550
870
530
2200
2040
1360
1250
870
1600
1040
1220
1150
1550
1770
1610
1420
1200
1220
1160
1630
460
1370
1480
600
1070
1600
530
1760
990
1390
1250
1750
480
820
1210
1540
920
440
1750
1450
1530
1250
1320
1450
1100
1030
1640
690
1610
1760
820
540
1400
1640
980
1670
2160
790
930
760
1400
1970
420
1300
1510
1830
1160
1850
940
1960
570
740
970
1650
1340
740
1160
1560
1280
1570
710
1530
1220
1390
1340
860
540
1220
1700
1660
650
450
1060
680
600
1680
770
1850
1010
1090
1690
1660
1120
730
1490
1210
1820
460
780
1830
1080
1660
1530
1630
990
1740
1920
1000
1420
510
580
2450
1180
1630
1070
670
790
1330
1240
1150
1350
600
1940
1750
710
1190
1150
1230
1710
1090
1000
860
1220
1310
1470
390
1160
540
830
260
1040
1100
490
1490
1130
1220
410
1210
1140
1690
1560
430
290
1570
1230
1640
1030
650
820
1450
1420
970
690
1000
770
1540
1070
1120
780
2030
1460
290
1160
740
790
610
1010
730
1470
1600
2070
1030
1160
1970
1010
1220
1430
920
1370
1010
1180
890
1530
840
580
1700
760
1020
1030
1530
2070
1800
430
2100
310
1330
1280
1430
1360
800
2190
590
650
760
810
670
980
1970
1180
1950
1460
800
1300
1820
900
420
1920
810
1260
1070
1490
1040
1010
680
2010
900
740
810
150
1390
1220
1030
860
1190
1260
560
930
1820
1660
1490
700
1590
1200
500
1110
1380
730
940
1410
1300
1570
800
930
780
760
920
600
500
1310
960
1060
1420
600
1040
450
790
1820
1190
1040
870
1820
580
960
1050
1680
650
1010
1270
1300
1710
810
1020
1960
1280
1610
930
1600
1060
410
520
1430
1600
900
1760
1370
1350
1390
730
640
2080
820
810
670
720
830
640
1470
1700
760
1510
1410
2400
1150
1020
2040
940
850
450
850
1080
1280
1520
740
910
1860
1810
1550
670
760
920
1360
1000
380
870
1610
1420
1330
1960
700
840
1280
1140
560
2070
1210
1360
950
860
1450
1340
920
1810
1240
830
1200
1290
990
1930
1620
1880
850
2010
1090
1220
970
1450
1470
1530
1950
880
470
1610
1020
1890
440
1070
1700
1310
1100
1650
1300
1890
1460
640
1120
1500
1830
1580
1110
1290
1630
1720
1780
1120
650
1780
1720
560
1330
1260
1030
200
1230
1500
1890
1380
1860
1500
710
970
1770
1230
800
1240
1170
1720
1510
570
650
710
1080
1010
1480
930
1630
1310
300
490
1060
1250
1440
790
1030
1780
1690
1090
1680
740
1070
570
1940
240
1010
340
1670
890
860
1390
540
1880
1950
1580
670
1230
1080
1950
2220
850
1110
1710
1150
1150
1050
1890
1510
940
1320
660
1290
540
630
1560
520
1580
1960
1580
550
1640
1340
1220
790
670
1220
810
650
1510
1590
560
880
930
580
1900
780
1110
1030
1990
1780
1490
930
420
720
430
1060
1540
1150
1390
1060
1480
1650
1790
570
1680
850
1910
890
580
1930
560
1200
1390
1340
1550
1350
1120
1830
1600
880
760
630
600
460
940
840
1960
1090
1740
600
1230
1570
420
720
950
1260
630
870
2020
1320
1440
1120
300
930
1330
1280
1330
1200
1400
870
430
700
1790
1440
1270
1240
1070
1810
1050
1610
980
1190
1320
1210
1260
1670
1020
840
1150
810
330
960
1320
1700
1770
1770
230
630
1380
1950
1320
1030
1350
1100
300
2570
1320
1140
680
540
960
1090
870
1380
730
570
1970
2430
1600
800
1100
350
1450
1130
1340
1080
1610
600
1060
1330
1510
1310
2020
870
1500
790
740
2100
760
1190
1360
740
680
1190
750
1720
370
2010
1340
1780
1830
590
1400
920
2210
1630
410
1450
1120
560
1710
1010
1320
1210
2320
1380
2100
630
1120
1040
990
1400
1330
680
1150
1390
1080
710
380
1050
1920
1390
1070
510
1270
1850
880
1080
1630
1030
1140
1330
1940
850
1810
980
1330
830
430
1270
730
680
1900
2590
1030
1020
1360
1770
1410
1510
1450
1420
1380
1280
700
1400
1670
1310
1670
440
1850
1970
2430
1400
1390
1140
1050
920
980
1670
410
440
1940
440
1070
1730
1280
2160
1610
520
830
1800
2050
1090
660
1440
1910
990
2110
1980
820
950
1090
1100
1160
650
1170
1590
730
740
1480
1330
1030
1420
830
1030
1540
1060
1230
1160
790
1310
1200
1380
680
730
1060
1150
1050
890
1810
980
1240
1760
1630
730
1380
1900
1960
1350
1380
1410
490
1300
1140
1000
500
2140
640
1470
1310
1260
400
790
1910
790
390
560
2430
1030
980
630
1450
590
2050
1760
1460
1550
760
960
1490
810
1280
1590
1940
960
560
1880
1350
2330
900
660
720
1710
1060
1200
200
740
1380
940
1560
2180
990
1030
660
970
730
1720
1640
1250
450
940
1650
1880
1600
640
410
1120
1610
620
740
500
2060
2000
680
1110
1270
850
2330
570
1950
970
1560
1460
1470
630
1200
910
1100
790
1050
1450
690
1460
930
1380
680
1040
1830
300
1110
950
720
1700
640
1790
750
1020
730
1930
1530
1090
1310
620
1160
1210
1340
660
1860
1190
970
260
1550
2330
2210
960
1040
1380
1360
1070
1310
520
680
1260
2250
530
670
1530
2030
700
1190
1170
1410
1740
1660
860
1420
1190
1320
440
1050
790
1950
1030
1080
720
1670
920
1400
550
1510
1330
1530
920
1370
480
1110
1100
1020
1910
850
1400
950
1640
250
1020
800
1260
230
1690
640
1420
1830
870
410
810
1240
1610
550
1290
1890
980
810
1210
1150
1100
690
1110
440
1120
2560
840
1500
1140
1030
800
1450
1220
900
1360
840
1490
910
1310
1160
1580
1140
1310
820
1350
560
1880
1000
1170
1370
1630
680
1970
990
1510
710
760
1060
920
940
1330
1450
960
920
1650
650
1220
640
930
1530
1300
1720
710
1470
1670
1080
720
1100
1760
1130
1680
1710
1390
860
1180
1120
360
460
1410
1860
1340
2050
2150
1090
680
1010
600
2210
340
1040
1480
780
710
1040
440
930
1620
1470
1300
990
1470
1380
910
1180
650
880
1070
1580
400
1010
1120
830
1860
910
740
1290
1660
1290
830
360
740
590
640
820
1020
960
670
1740
890
1430
1480
760
1020
2160
870
2180
1840
2270
1760
2650
1930
1180
650
1480
1260
2010
660
710
270
1230
470
830
1330
1800
1660
2380
1130
990
1980
1530
2070
1030
560
340
680
2010
1660
1660
510
1310
1110
1850
1490
1260
2220
1090
670
1690
1890
1680
1170
740
600
630
940
1140
1680
1180
2000
1460
1610
410
630
1040
750
510
1430
1840
950
590
1500
1770
1690
630
480
1000
1830
1340
1310
460
460
1510
1250
1440
1910
1120
1210
1060
1830
1160
1160
1470
1000
1030
1000
1180
720
1040
670
1020
2210
1260
1940
430
1360
130
960
2320
480
740
150
1830
540
910
960
1370
380
690
1190
1580
800
730
1330
1390
1500
2140
1130
680
1040
1780
1050
1450
1330
580
820
770
750
710
1670
1760
1230
640
1060
880
1510
1400
1010
2200
1340
2330
1070
1220
1120
1610
1060
1300
410
360
760
630
1600
600
1100
750
1180
1400
1060
1420
1540
490
1160
1460
300
1680
1460
1890
1070
1230
1470
970
1210
1240
1450
670
1280
1080
620
420
690
540
1850
990
770
900
930
1190
1250
1110
820
1670
1240
1800
970
870
760
860
130
1830
680
1190
980
1440
1230
760
1610
1480
1160
700
1130
1010
960
640
1760
1050
850
560
1110
1100
560
1280
1350
860
1370
750
690
1440
1260
1070
1750
1900
920
740
1380
920
1830
1140
1330
830
1140
1400
720
1540
770
1280
1660
1050
1590
960
1600
1290
890
1340
1950
1040
1180
750
1700
230
870
990
960
1330
1540
1340
450
2030
2080
1110
1360
1260
1230
1140
1100
860
1010
1660
1290
1540
740
890
1510
1350
1120
1940
710
1190
1860
1290
1730
1010
2020
1160
730
1210
1840
220
1650
1930
1390
1250
1600
510
590
780
1190
1400
1350
1840
850
1550
540
980
670
1500
1960
1350
500
1820
930
1300
1300
1040
730
2250
580
380
1280
1070
730
1870
1600
1190
1230
690
1580
640
750
1970
730
960
1450
470
960
360
820
890
1140
840
1880
1840
1150
1350
1620
500
1260
460
1850
1070
580
500
1550
1160
1150
850
1180
610
1420
1300
790
1240
920
980
1750
1280
730
850
1830
900
1070
600
1220
1300
700
760
760
1030
1060
1460
1540
1870
470
1420
1060
1090
850
1420
2080
670
910
1620
480
2080
1530
1470
1110
950
1090
1670
750
1090
1420
1200
1820
1440
750
420
1180
1020
1440
1130
1350
1220
850
840
1920
1700
950
580
1630
1160
350
830
1170
1160
1210
1580
1250
320
1220
460
560
850
1240
1410
730
1280
1190
1080
890
870
1920
260
970
1710
950
570
1440
1270
1380
1040
1020
1240
1640
1030
1420
1360
1030
740
1390
1190
2400
1590
1210
830
1380
1580
680
940
190
2030
1620
1030
1130
1380
900
1140
1160
1350
980
950
1530
1670
730
1370
440
1170
1350
870
1460
680
1790
650
2340
1190
590
920
1290
1240
1280
1020
1450
1650
1600
1010
1130
1370
1110
1630
1660
1290
920
1610
790
1120
1120
1570
1540
930
1360
1430
1230
1530
2410
970
1560
1910
640
1510
1300
1620
1270
1510
1390
1040
880
1090
1250
1190
1360
1410
2050
2490
1090
1050
640
1370
750
1550
1330
1170
1320
780
1850
670
870
1880
1300
1440
1730
360
860
1680
740
1700
1590
1050
2400
260
1280
1490
1800
1030
1240
840
1370
1960
1670
470
750
1230
1500
1170
1920
560
1350
660
1360
350
1480
1520
630
1230
2270
1860
1330
700
590
2360
650
1850
1340
570
1790
2050
550
1390
740
1590
1410
1670
1400
1780
960
950
820
1000
630
1340
1960
950
1920
1280
1340
890
870
680
1230
2410
1580
1290
1020
1570
1140
860
480
1130
1040
1320
1390
1470
960
1030
1310
1490
1020
670
60
990
1230
830
1210
570
1190
2140
340
630
1850
1720
610
530
760
890
1250
1790
1630
1530
1550
1540
250
1740
1420
1330
1470
570
1400
1330
1520
1530
1660
790
1560
960
400
1930
770
820
1800
220
1340
1300
1350
960
880
1920
720
1040
1270
940
460
830
1070
1090
1340
1760
1610
1300
830
1110
840
690
1200
860
1320
320
1180
1660
1380
990
1440
920
470
1090
1370
990
1120
1500
460
1110
2180
930
900
430
1380
1420
1640
1160
920
2130
1410
1130
950
1570
1770
1360
900
450
1550
1550
1490
1380
850
930
1400
620
730
400
1190
1100
550
830
1230
800
1020
1430
760
1210
630
750
470
1080
1180
630
630
1560
750
1910
1830
1560
770
1890
2100
1800
1530
700
690
1670
1860
1170
810
1060
620
1330
1440
1400
1430
1420
1400
1690
1390
1790
1080
1980
1310
980
1340
660
210
1310
1700
910
1740
1740
1400
1240
590
740
610
1230
1390
660
650
1300
1800
1010
2470
1240
810
680
190
2060
1540
1600
1520
1330
1380
1660
1270
1610
1090
1080
1200
1550
1940
1540
2230
490
1500
740
1330
790
410
1120
480
1300
2070
1270
580
1510
1230
1040
720
1680
1150
1030
550
190
1450
700
1250
480
1570
460
860
1490
440
450
1600
670
1080
850
610
1810
1260
670
350
320
1060
1560
840
1600
830
1640
460
1490
1340
640
810
560
2120
1200
1280
830
650
890
1460
1500
2040
1890
830
350
1220
1610
1400
1130
1330
1360
560
1080
1010
1040
980
900
1320
460
1050
1730
1330
690
810
1320
1950
1440
810
750
980
1440
1270
1300
900
760
960
680
2000
540
1520
870
800
1100
1750
1320
1120
1210
1910
850
1000
2150
1370
990
1190
890
1090
1930
730
720
1000
1290
1490
1390
930
1210
1370
1130
830
1160
1680
1890
1370
1330
1510
1080
860
1280
1000
930
1180
1270
1260
970
2000
780
850
440
2110
2430
1910
1510
1700
940
1360
1220
1100
1370
490
1840
1440
1510
2040
480
830
930
680
660
790
330
800
1550
1270
1100
1080
1480
1870
1670
1370
1190
1750
380
1190
840
790
1930
1510
950
1020
810
830
750
1160
1520
2010
1850
1950
1160
410
590
1460
1370
1550
1110
1270
920
1350
880
1370
670
1650
1000
1220
980
1570
1770
660
1430
680
1100
1530
990
1060
760
1530
1660
1450
1220
1000
1200
1640
1690
470
1340
1490
1730
1310
590
1460
1170
1170
660
1890
1370
1080
1220
1830
840
770
1640
420
720
1360
1340
1010
1850
2250
1290
990
1230
1540
1210
1190
1050
1850
1000
1600
1490
1470
1290
1340
740
1450
1800
920
900
1480
750
810
1530
930
690
1110
630
970
1250
1230
1870
1350
1990
1800
1260
1050
1240
1320
1770
1270
1370
1890
1550
1650
760
1140
440
1210
1140
700
1640
1630
1590
1250
1700
1380
1380
1460
1490
400
1870
890
500
1810
1570
1360
900
1110
870
650
1890
2160
710
1680
1230
1590
2080
770
850
1390
730
1100
1000
770
1360
690
1500
840
1470
1230
1490
470
990
2040
1320
1610
600
1110
1620
940
1370
1020
910
1010
520
1310
1220
950
790
1510
1120
1680
910
1030
1000
630
950
1390
1690
970
1810
1570
710
1660
1520
1800
770
1060
1630
1430
1960
1280
1580
1070
1710
750
1610
560
1030
2030
1060
2130
810
1310
1700
680
1460
1430
1960
1330
1430
700
1200
1930
520
930
1280
1390
1550
1850
1050
460
770
720
1770
1030
1840
2160
580
780
580
920
1140
780
720
1010
1330
2100
1200
980
1540
1640
790
790
1810
930
930
1270
1220
760
530
500
1250
1000
1320
920
870
470
780
400
580
1110
1170
760
950
1460
780
1770
440
2180
410
1710
940
1620
950
1150
2290
1210
1420
1030
880
1470
870
600
890
780
850
990
1250
940
1200
1770
1240
1440
1210
760
1190
1440
970
690
980
1180
680
1000
800
1420
2330
1420
1570
450
800
1240
640
1230
1160
1290
790
1140
1230
1100
740
940
1060
1910
490
1130
1100
620
510
990
690
1430
1060
560
1570
1660
1030
1010
1310
1170
1050
1430
910
1310
1380
530
1110
1630
1030
930
1940
660
830
1040
640
790
430
2270
1250
1680
1320
1200
1260
890
1120
300
1470
1460
1020
1150
1400
720
1680
1410
1710
1180
660
1270
1010
870
1020
1580
1220
320
2300
1090
1330
1220
1000
580
1620
1170
1420
1170
1010
700
580
760
680
680
1450
1790
630
1820
470
770
840
1560
1050
970
660
590
1630
1090
1570
700
1240
1260
860
1730
1000
1370
890
1480
790
780
1200
1790
1190
1510
660
1200
1110
910
730
910
540
600
990
1540
980
1110
480
1670
1870
1250
1680
1260
1510
2230
1550
760
1570
1320
1240
1310
280
210
1540
580
520
1170
1010
920
1180
1350
380
1700
1020
1430
1150
770
1270
1240
1530
1900
1300
2020
1140
900
950
1510
1170
900
920
1780
1060
1010
1240
1430
790
2400
1250
1710
1540
950
1200
1120
780
960
1390
730
1370
1840
740
1070
1380
940
1900
490
1100
1600
910
1310
1170
1100
1720
1310
610
830
1000
1800
690
230
350
1330
1440
1020
1230
1360
1170
1400
1730
460
1170
690
1300
730
1310
1520
700
1210
1170
1630
780
1580
590
860
310
930
990
710
580
570
1370
490
1260
1360
700
1560
1160
1950
1150
770
1520
930
1080
1880
1740
2190
1690
1780
870
1370
1910
970
1530
1360
2660
2110
1530
1470
540
980
1840
700
1710
1420
610
1060
1010
1080
1110
1440
1440
1190
1390
1370
1130
1250
2000
610
1420
1330
1160
470
1410
580
1320
1200
1370
1450
1240
1480
830
1290
600
1440
1270
1430
1850
1200
1290
1510
1400
780
990
720
580
1260
1260
1830
1080
500
640
1180
800
1760
1860
1500
1060
1100
1760
830
640
770
1280
1300
790
870
1170
1300
1630
430
880
860
560
1070
2090
1270
1790
870
910
2610
1330
1460
1490
980
980
990
2140
1040
840
1110
320
1980
1050
2230
920
930
1750
1090
1790
600
1500
2200
1400
1440
1180
1710
1700
1200
1230
1150
1210
1350
750
580
1200
1850
1840
1840
1430
820
890
2250
1200
520
1500
530
1230
770
1140
1160
730
880
1320
780
1400
700
1220
1570
460
680
350
980
820
520
410
1290
850
490
900
1500
1030
1370
400
1040
860
600
1860
1390
850
2030
920
950
1820
1130
1160
1390
2300
1290
650
640
2100
830
270
1290
1280
740
440
1580
1290
1440
310
580
950
1970
880
1850
1070
490
1220
1000
1260
440
770
1810
1250
1150
490
1190
1790
1570
790
1380
820
2050
330
1420
1930
850
2470
770
1270
1500
1170
450
1070
560
1020
860
400
1480
1750
440
880
1130
2450
420
230
880
860
790
1600
1130
1430
390
1070
1170
2350
640
430
860
2480
530
380
720
560
770
1980
1040
1460
1140
630
1860
1170
1320
880
750
1400
870
1420
1120
1330
690
1010
1710
820
1280
1260
530
1020
780
780
1410
1570
860
910
1420
720
1540
950
660
1080
1100
1300
1580
1500
1910
820
470
1960
770
600
580
660
1130
920
1300
3030
560
940
1650
2000
1270
1430
790
880
790
440
1030
780
1560
1230
720
210
370
1070
1550
1550
1730
1620
1350
1430
800
600
1080
1900
1600
1000
1710
1170
1420
470
1290
1470
1680
770
2200
1150
1660
1820
1620
1220
1480
580
330
1030
860
1350
620
1360
1390
930
1270
2290
1700
1030
930
1650
1400
870
1550
770
660
700
1230
380
1250
1320
710
1190
1450
990
1420
1470
1200
1110
1120
1160
1700
1970
770
1650
840
1420
1590
1380
1140
1600
1600
1280
2150
640
2130
660
1180
1440
620
1020
970
1090
1520
760
1470
730
1640
1140
1000
880
1440
380
740
1270
1140
1320
1190
2280
1720
2160
550
960
1440
1880
700
2450
750
580
1950
1330
800
1060
1370
1070
520
670
540
530
950
1850
1470
1160
1040
740
970
1110
930
200
1310
1060
1330
1680
1280
1250
1790
630
840
1460
660
1180
1560
760
930
2080
1250
2210
1530
900
1610
810
1140
800
1210
710
1370
1070
990
1790
1490
190
1250
1210
1920
1270
1500
1190
1540
650
1610
920
700
340
750
610
1650
1600
540
1260
590
1990
1190
1410
840
1580
1380
820
740
1480
2050
1030
1250
610
1630
1290
640
1240
720
1520
1100
380
1510
1250
1510
1100
1730
780
1320
840
1800
1330
2060
1940
1220
1540
2160
890
1400
1270
2130
1090
850
800
1830
1600
1450
460
750
1360
1550
2170
1210
550
370
1420
970
1880
1280
1630
1370
700
1680
1170
680
1140
850
1540
1000
1610
970
1070
810
660
800
780
1290
1400
1550
2380
1730
1440
1190
890
2160
780
1010
830
1010
280
1100
1710
1310
390
1560
1470
650
1050
1170
1130
1750
520
1340
1860
560
1610
1410
1580
1150
860
810
990
1380
630
1900
2340
800
1680
720
1160
1200
770
640
1250
1830
820
1150
1470
1260
820
1550
1050
1370
920
1200
1400
900
1380
320
650
1640
1290
840
1640
1760
880
1140
1150
1520
1710
280
1010
1730
930
2560
1040
1760
950
1960
1540
1000
1030
2300
2050
750
970
1040
700
990
1540
900
1130
890
770
1440
810
1060
1140
1310
1740
960
1050
1690
1200
1480
1490
1410
960
770
760
390
700
1190
1430
1650
990
1410
1370
540
2350
460
1570
1230
1770
410
420
1270
1100
330
1870
2500
600
1240
910
1460
1410
890
2490
1500
710
930
1960
1880
580
1630
850
1190
1150
2430
1420
890
1050
1270
1030
1440
1500
1300
1770
1350
700
1010
1770
340
1160
520
1240
1210
1400
880
620
1200
1500
590
2310
1660
1790
520
640
1430
1040
760
840
2250
910
840
890
1970
1700
1620
1010
1770
2180
1830
1740
1350
1110
640
880
1510
1660
110
220
1410
660
360
1290
1170
510
1450
1440
1250
1440
1120
580
1440
1210
1770
1300
2200
870
800
1260
1630
1330
1000
1590
1190
1320
1640
1100
580
690
780
390
790
620
1240
1630
1220
1530
810
1590
1540
1060
1790
1000
880
480
1520
870
990
1620
1060
1080
1740
570
790
210
640
1220
780
1750
1580
1240
1850
710
1150
580
1650
1670
1290
1050
1410
620
2080
2100
1390
1550
990
1620
1530
1140
1350
690
1340
720
2160
1210
880
2240
2290
810
1390
1470
970
720
990
1880
1840
890
990
1230
1120
1030
850
1650
920
1700
1030
750
510
1070
1120
560
570
860
930
990
600
1340
940
1130
750
1320
320
1330
1160
710
1620
1250
1670
530
380
1430
1110
1430
1670
600
1540
490
620
1100
1330
1670
160
910
1390
1060
990
1140
1640
2130
1730
820
810
2040
1520
1940
1650
860
840
330
1590
710
720
2230
1530
1080
930
1120
1260
700
1790
1210
1420
1400
1890
2820
1900
1490
1220
850
1060
1420
790
710
780
1400
1730
1010
2440
800
720
1430
890
430
1480
910
1510
1380
950
680
1360
2200
830
1510
1140
1270
1540
1600
570
1760
1660
820
810
1000
1530
1850
1660
1470
1680
1730
1050
790
850
850
1010
350
680
810
1910
1260
1430
1980
850
780
1650
800
940
1700
1000
2410
1670
1130
240
750
830
820
1950
1020
950
210
1390
2040
1200
1060
1000
1200
1690
1150
910
1480
870
2570
790
1390
1310
1050
990
1320
810
630
720
1060
900
1290
1710
820
1990
1500
170
2620
1620
2570
1050
1520
2060
880
730
1580
1580
900
890
2080
1020
1220
1640
940
2040
1400
1520
1760
1150
2480
600
1390
620
670
2010
1400
940
1360
860
1180
860
1110
610
1860
1300
1420
340
1710
890
1210
1440
1720
1220
1150
1460
1120
1390
860
1040
1500
1360
680
1010
740
1490
1590
1740
2250
1030
1090
1040
1630
2060
1980
1410
1190
1190
870
860
1160
1360
510
1180
1770
700
1900
1630
1220
1260
1620
1340
1050
880
1200
1860
400
510
870
660
1470
930
1430
1230
580
1180
1650
1640
1180
960
590
1550
1940
740
360
860
830
710
1030
630
1040
1280
990
880
1780
1500
1600
1350
220
1910
1660
2160
1190
1640
720
1020
1080
1710
600
2050
1290
990
1840
2000
1120
920
1780
1450
970
1950
820
1440
940
1480
1150
930
1950
1600
1000
1700
1390
1010
900
1430
1620
1230
1420
330
1580
1010
180
1330
1750
1160
1510
1530
2410
1870
1490
1040
2330
1390
970
480
1200
1030
830
1840
480
1580
660
1010
1030
800
1130
1300
1050
720
870
1410
1460
350
1030
1990
1380
1240
1360
1060
1190
1570
990
1170
1070
550
630
1060
1250
510
690
800
1180
980
1210
2240
630
740
1140
650
840
2160
1040
1380
1290
1030
490
1360
2060
270
1750
1940
810
730
1210
1610
1670
1560
1360
840
1080
1440
520
400
1260
1290
990
1420
2070
1540
1000
1430
1430
2060
970
1010
1950
1060
2570
1080
790
980
1940
2250
1340
980
630
1630
1590
650
1500
1350
1130
1260
1600
520
1700
1220
390
1700
1250
1240
1220
910
1270
920
1370
820
1320
1540
1010
850
1740
740
1720
1040
800
1040
1840
2070
1410
370
1650
770
920
1090
660
640
1070
490
950
1420
1590
1100
880
2070
1420
1770
2000
1130
370
1250
1690
720
820
1930
1470
1290
990
1090
1950
1070
700
1430
1090
1190
1730
750
1500
2220
1050
760
1160
850
1150
1810
330
1180
1250
1340
910
1140
1630
980
1400
1190
1810
1260
570
760
1030
1170
730
1650
800
1680
790
1710
1560
940
2070
2360
1080
1530
1560
970
1440
610
870
1870
1300
1010
1310
1770
580
580
1580
690
810
910
1100
1030
1260
1730
870
2010
1100
290
990
1400
1230
2080
1320
1200
1330
1310
1450
1570
530
1200
940
590
1460
570
1600
1450
800
1750
970
760
1130
740
960
1180
700
740
1300
1800
900
910
1430
1790
1710
1350
1400
1790
1420
1460
1020
1190
1470
1500
1560
520
1820
2170
1220
760
1200
830
1280
1340
710
1420
1230
1220
1360
900
820
900
2130
1240
620
590
1340
830
730
400
1140
1240
600
2120
980
1340
380
960
1460
1480
1830
1170
710
2230
740
1060
880
480
1270
1520
1060
930
910
1030
1200
1690
1280
1480
1430
760
1510
990
1270
1280
2040
930
820
2000
1750
1590
730
1110
1450
660
1100
580
580
1940
1400
940
2180
920
2090
1210
1540
770
1100
340
1110
1220
1950
1170
1430
1640
570
1710
1350
800
990
1770
1600
1510
1380
2410
1410
740
650
1320
970
1410
1060
1140
1170
1160
1130
1400
1390
250
310
1000
1720
910
1060
1650
1670
400
1120
810
690
1060
1890
1250
1170
1620
730
3000
2210
1560
1310
1170
970
1390
1100
1710
600
170
1180
1140
960
340
1030
380
970
1690
1560
1000
1120
1280
1540
1850
650
1770
1040
180
1930
470
840
1970
240
1230
740
1800
560
810
870
1130
1440
1230
1620
1130
1600
710
1340
920
1290
1350
1530
1360
660
1030
650
520
1030
1200
1200
1910
960
2040
1170
1020
1360
1660
820
810
930
1060
1230
950
540
860
930
890
1020
1210
2050
690
2100
540
1360
1320
900
740
1530
1190
880
1130
800
910
1770
1470
1290
840
1330
1270
570
1790
70
1080
1620
500
980
2000
2080
570
1300
1390
1320
560
1390
1680
1220
1500
670
1750
1070
1390
2010
840
350
1780
1300
650
760
1140
1890
1350
1500
1800
1670
1200
630
1280
350
1020
1340
730
460
1000
1720
960
960
850
890
710
940
1800
930
1480
1330
250
1450
1790
1720
1830
1320
1520
500
1640
1660
1420
1700
1770
1270
1470
1710
1640
1630
1680
1670
920
900
1010
560
980
430
1450
1850
970
360
1170
1010
460
1330
1150
850
680
1730
1520
940
1940
1460
1090
1720
1090
1660
1290
1440
920
630
1040
310
1380
1810
1490
1420
500
460
2220
1600
970
880
1210
1530
1070
910
2240
2020
1130
670
520
1270
1090
1890
1480
1350
1480
1120
480
1340
700
980
1400
420
640
280
940
2110
860
240
2480
1360
610
850
1080
1480
1870
900
1150
1160
1060
280
450
1330
630
1040
2010
1240
2020
700
770
1210
880
940
550
650
1750
1230
1680
790
1680
730
1110
1060
1410
1030
1990
1460
750
620
640
1470
870
1120
670
1670
1110
1340
850
1560
910
930
1680
590
1090
1190
1060
630
1760
1190
670
1310
1080
1540
1800
820
1340
550
1410
530
1260
1000
2150
780
1180
1180
940
1150
670
710
540
590
960
830
1610
920
700
870
810
1130
460
1770
900
850
940
1190
1600
670
1100
440
1510
1090
1510
1300
1070
1540
220
840
1180
1090
720
940
640
1390
280
660
1290
1440
740
850
1720
950
740
1440
1390
1290
1080
1760
1220
890
920
2190
2240
1600
640
1790
960
900
420
600
600
1300
2170
590
2090
1690
830
1050
1030
390
2350
1260
1530
1690
710
1310
1130
1120
1720
1410
930
2190
1100
1040
1370
410
810
740
790
770
1580
1580
920
780
1030
1110
900
1100
1570
1610
1490
540
1250
1050
720
1140
1580
730
870
1160
1390
1220
1300
1420
260
1650
1090
1130
1570
720
410
1610
980
1020
1760
810
1580
1080
910
1380
770
1300
1300
1600
1750
950
1030
1290
1660
1770
1510
1580
1330
1220
1160
1200
1370
1160
1240
1690
570
1530
1420
960
1880
420
1000
1020
690
980
1460
660
1580
800
2160
910
840
750
1080
2100
1940
1490
1060
1390
1030
1320
1640
700
930
1320
1480
510
390
720
1150
1020
1290
1290
1190
980
1400
530
1440
910
1290
1340
1270
830
1520
2000
1500
1400
1200
1500
1850
1060
1400
650
970
1870
1610
380
1560
710
780
1470
560
620
1640
1950
1410
1050
600
890
1650
600
1810
540
1030
1530
550
1240
1100
1400
1340
1220
750
1140
1280
1180
550
790
1420
1290
1640
820
500
1290
980
430
1050
1660
1950
1360
1600
930
520
800
1630
1460
1210
1090
1320
1720
650
1080
670
1820
670
1430
870
340
1040
1090
1530
640
590
1250
1270
850
240
1310
2070
760
1550
1320
1450
1700
1170
1060
1490
190
1190
1730
1600
930
1220
1490
420
1190
590
860
1180
510
910
490
1140
670
630
2030
1190
1300
910
1100
710
820
1110
1550
990
920
820
610
560
1510
860
990
1150
610
1750
970
2130
1370
1180
570
570
820
820
1840
1120
1480
1280
1160
990
1190
910
630
1350
1420
640
870
1120
1610
620
680
850
1510
750
880
590
2100
1120
830
2380
1620
1310
1070
750
1160
1870
680
1060
1090
1440
1330
790
830
500
1610
920
1680
1250
2200
780
1650
1020
1400
1900
800
1000
1030
1900
1800
1090
910
470
1210
900
1970
1890
1590
1000
660
300
250
1030
1160
1990
1460
1060
1750
760
940
590
1470
540
1300
430
1380
760
1270
2410
1140
1460
1250
520
1470
1740
400
1910
1090
1300
1030
1620
770
1020
950
490
1120
1360
1490
1900
1770
1860
1160
970
1760
740
720
860
360
1250
730
2130
390
960
940
540
1210
760
1040
820
1530
1770
690
1080
1150
1410
770
2610
1180
1060
1090
1960
1160
1320
1110
1260
1810
600
1100
430
1520
1410
770
580
1020
1640
1600
1010
860
560
1810
1130
1440
560
980
1860
1690
450
920
520
1500
1710
2530
2050
1230
540
870
670
1250
1250
1070
800
1790
890
2060
1000
1420
400
50
2340
600
1330
680
360
730
1590
980
1640
1720
2010
650
1530
310
1480
1090
1110
720
990
1180
1530
620
1010
1250
920
1060
1160
1880
1170
740
1690
1780
1290
1140
1590
1920
1460
1130
2260
1350
1170
670
420
1530
1680
1040
870
2090
2100
1580
1150
1490
1410
740
1640
930
1780
1530
530
1760
1270
1470
620
1860
920
810
1520
1350
720
2870
530
1850
890
2340
1760
1770
570
1740
440
630
850
390
1140
1430
1010
1270
660
1760
760
820
1440
1740
1410
1830
630
1300
690
1230
1890
1880
430
1820
1850
1640
1200
450
1190
1320
1590
1030
520
1540
1350
1340
550
940
1520
1450
570
2110
1820
560
1000
330
1020
990
960
2090
810
1270
260
510
1460
1380
1360
610
1200
620
180
410
720
1410
690
570
260
1300
920
590
490
790
650
1630
1580
1320
1550
630
790
610
1050
540
1610
990
620
2340
1060
1780
1580
1620
420
1240
470
660
1420
1170
1080
1140
1190
1120
860
1640
400
1220
630
990
1890
1010
1680
1050
910
1250
830
1030
1270
880
940
600
1790
990
1350
940
1030
430
1720
790
2120
1850
1240
1090
1720
1230
1830
1690
660
1920
840
1380
1690
940
1220
800
900
600
1320
920
1020
1460
1460
1990
1550
1180
1480
420
1330
1190
1150
1350
1930
920
1290
1040
3250
940
2070
980
1200
980
660
600
620
1140
1960
1010
1170
710
1990
1140
1690
1780
640
1300
1580
630
600
1440
1150
630
3180
520
1330
1730
1020
760
1080
1430
580
1080
840
760
650
1630
1370
1290
570
1130
1510
1110
780
1690
1160
1210
1490
1480
1760
2180
830
920
610
920
2170
1400
1110
1560
1180
890
1960
1120
1560
1030
2120
1790
1560
1000
320
800
970
1320
2000
620
1340
1530
1210
1510
1350
1450
1460
970
1370
880
880
600
1010
1770
960
1670
1560
1290
250
1020
1720
1230
920
1650
790
880
1200
1380
1230
670
1500
910
990
1160
1920
1430
1560
520
1290
1000
1320
930
610
1090
930
1450
750
1040
1510
1750
1090
780
1150
1470
1090
1040
120
840
1640
1130
1370
910
1210
1640
990
1450
1860
1150
390
1340
1020
930
1110
730
1410
1270
1200
1440
1810
2110
1150
1370
1570
1230
610
840
1360
1980
1170
1350
1380
1050
1820
1200
1850
240
1270
1960
790
550
850
1180
1820
1680
1270
1300
900
1230
1070
410
1000
1760
1790
620
940
880
200
420
1610
1480
690
1020
1530
1330
940
1220
1640
1290
1020
1610
1620
580
480
960
1280
1850
1290
970
270
870
930
1810
1750
1140
1660
250
600
990
1710
1620
1120
520
1320
980
750
720
840
520
2000
1460
1420
1100
1960
1580
1210
1040
820
1620
1230
300
1680
650
250
2060
680
1110
530
370
670
1360
1690
440
1000
1760
550
1390
920
1750
1150
2070
820
1820
1070
890
2070
880
420
2710
370
1760
470
1360
2400
1270
780
1190
1680
1050
1240
1720
910
560
1160
1620
740
1540
1810
860
1020
1170
730
750
1130
1330
1150
900
800
960
1440
1580
960
1810
490
1770
1040
1090
1160
1400
620
610
1660
1740
540
710
660
930
650
570
970
1130
970
1040
930
1120
580
2040
1150
2430
490
1120
1720
790
1640
1700
1320
830
320
1030
330
580
1790
1000
1260
1110
380
540
1310
1120
290
1460
1000
790
1440
1820
700
1110
570
650
1180
1730
890
690
1500
1770
1560
1170
480
1650
1270
1380
1500
1540
1450
1460
850
1910
1590
630
780
1650
480
780
1320
870
1020
2200
820
960
560
1430
880
900
540
1060
1540
1570
770
1320
500
1220
1130
610
1220
1550
1570
1030
500
1980
1850
810
1440
1400
1170
1590
1100
900
740
1170
1840
1410
1210
650
1770
560
1660
1670
1110
2130
1820
1050
1450
770
1770
540
1350
1470
1550
1070
290
1450
1080
1380
1010
1070
2110
2140
860
480
1550
1790
1860
1510
970
2130
1030
1750
1570
870
1600
1830
770
1250
1240
840
1550
1720
1470
850
2500
1450
2220
870
1930
970
1910
1320
1410
1960
1190
2100
1880
2270
1320
1290
630
910
880
830
1490
1900
2080
2130
990
1010
1700
1140
1360
910
1000
1600
840
670
440
1290
1380
760
990
580
830
1700
760
870
980
1290
410
1630
1260
1690
780
560
380
810
1770
1610
990
1420
1390
440
1380
1400
1390
1640
580
2320
360
550
470
1340
1100
1210
930
320
2110
360
1580
710
1320
660
880
1380
1880
1470
1900
1410
1850
2230
1420
1280
860
1150
840
740
570
1050
1500
1200
770
1020
1580
1760
1850
1600
1020
490
1770
1670
1970
1430
1450
1590
1070
590
1080
510
850
1310
1320
820
570
1170
990
1730
560
840
1240
1080
1610
1400
1290
1230
2040
660
1430
1480
980
1600
1020
1570
1270
1470
1180
1810
1150
1080
1250
1490
1350
830
920
1330
1470
790
1320
1400
470
470
1460
1090
1210
1390
2390
1100
650
1720
950
1490
180
1240
820
930
1150
2230
630
1300
1760
580
660
1560
1440
2650
2140
1440
1500
1180
1330
1770
1740
1010
1060
1770
1260
1450
780
1930
1000
1470
860
1110
950
980
1960
790
800
1980
1290
860
1630
1940
520
2090
1400
1240
1840
720
620
1260
650
1600
370
1510
930
1050
2010
600
1470
1520
880
840
1170
680
1910
600
1670
1390
990
1320
650
360
1700
950
840
1110
2150
610
1620
820
970
1610
990
1380
890
1730
1020
1170
100
710
1460
750
2290
1470
1110
1850
1250
850
300
1390
1220
910
520
1390
1620
570
1070
1240
1400
1180
1380
1130
300
1130
670
1600
690
1590
960
640
1370
1580
680
490
960
1460
1580
950
1330
1270
1050
1340
1570
1790
1550
1640
1610
1320
1720
430
900
1230
500
1090
570
1990
1220
920
1430
1590
520
1540
540
340
1780
1130
570
950
1090
860
1390
1290
1780
810
1040
2500
1500
1270
1410
580
820
600
740
1250
790
1070
1270
680
670
770
600
670
1080
1590
1500
870
950
1050
800
1110
880
930
840
1390
910
750
1450
2060
1150
1870
1060
1280
1380
650
1220
690
1920
1570
1040
780
1160
980
960
1280
600
1650
1180
520
550
1430
840
840
860
570
570
1000
960
1270
1740
1720
1390
1720
1420
1350
1760
200
700
1360
1060
740
740
1240
910
1030
360
1140
1410
760
1060
1520
450
1100
1400
1330
1820
1790
980
1250
860
1320
1370
610
690
1230
750
790
910
970
1460
380
1490
620
1720
930
1610
970
740
850
1110
950
640
1420
1250
980
910
1150
700
1240
200
580
1340
1070
1740
1340
1600
1140
440
1220
1550
880
380
1470
1460
850
1640
580
1510
1950
2350
810
1410
770
970
250
1530
410
1120
1010
1760
1250
2130
700
990
1530
950
1350
1250
1670
2000
1610
1350
1470
1220
1300
1530
1470
410
1240
700
1290
940
1070
1510
1840
1420
1390
850
850
1140
1350
680
920
410
1150
1410
890
1110
1720
1690
1060
1740
1520
1070
730
2080
1190
1090
1330
1090
1010
2480
1760
1410
1370
1180
1230
1170
2290
830
590
730
1060
920
1890
1390
1790
1860
410
2030
970
740
1950
660
620
710
1500
880
1720
1380
550
1850
1910
2010
1300
1380
1650
910
1170
810
530
1270
1340
560
1520
1620
1210
1810
1530
1340
1410
1420
650
1550
1180
210
530
930
520
1230
1670
1550
1310
910
810
1150
1420
1300
980
1080
1260
1130
1550
1010
920
1260
480
1630
450
1390
770
1440
1700
480
630
1230
1070
1750
1350
1040
1290
960
1230
1640
1080
1180
990
880
1960
1190
990
1100
490
930
810
1240
1870
1160
1580
1210
1120
820
780
1300
1320
780
490
1150
700
530
1520
1100
1330
600
1740
800
1420
770
690
960
940
890
530
1430
710
340
360
1330
1560
560
1290
1670
760
1290
1080
1230
1470
1400
990
2110
650
940
600
760
960
1540
730
1470
720
1200
1220
520
1350
1060
1640
1760
1590
920
980
1640
1020
950
1220
1190
1250
1520
990
970
660
1340
1480
1340
820
1000
1970
1250
1540
850
660
1700
1220
1100
1240
1300
930
700
1360
290
1300
920
1350
640
1110
1910
1260
620
1590
1350
610
1360
550
520
950
860
720
1400
1650
330
1100
1360
2140
450
1600
420
760
1370
530
1700
1230
1700
460
1350
920
1830
760
1190
890
550
1310
1290
790
760
1040
1360
780
490
700
1130
1380
1450
1580
1150
1850
1100
1660
390
1090
1340
2060
940
1680
480
840
1090
1340
1560
1620
500
1200
1390
1670
1350
1140
1610
830
1110
980
860
1510
890
760
2140
1220
890
1700
1510
1440
510
1630
960
390
1100
1790
770
1180
1700
1180
910
1140
1100
1130
1360
900
1090
410
1050
1040
1920
950
1110
1180
600
210
1330
1160
530
1470
1550
2110
990
520
1370
1970
1170
1830
1440
1040
270
1550
1870
980
1190
670
530
390
1580
1320
1120
1180
1070
1270
260
1400
250
1710
920
660
640
1520
1210
1640
1190
1030
1500
1290
1410
1710
530
1900
840
820
1080
570
1210
1840
430
950
90
1350
1720
2110
1630
1720
1450
1850
1170
1610
1140
1500
840
840
1190
1220
680
880
750
1210
680
1630
1350
1040
940
1360
1180
1400
970
1120
1610
760
2030
630
860
750
540
2040
1020
1640
1110
1000
1500
650
1850
580
890
440
890
1710
1570
770
1250
1350
1080
1000
1210
1760
1210
1820
1300
1170
1700
1330
500
1290
1310
780
880
1960
750
1340
1740
1360
1070
1470
1210
1080
1310
1050
1130
740
1890
2450
1290
730
2110
900
1380
1420
1360
1210
820
1670
410
1090
370
500
660
2240
1250
600
1920
860
1420
1330
1210
750
650
2010
1180
930
1830
1150
430
1420
980
2190
960
760
2100
1530
1470
1090
1700
1260
1450
1600
2160
420
1050
1310
2190
1450
780
1850
1260
1210
1360
830
650
930
1430
930
1740
580
960
1260
2070
1740
460
1160
1190
1520
2060
1250
1160
1140
1290
1400
1570
1460
740
590
860
970
1160
1430
1120
1410
1320
1140
2750
1890
1210
1610
620
490
590
1260
830
1380
1530
940
1210
870
1600
1670
1340
300
750
1420
1090
570
950
1330
1910
490
1080
900
790
2420
2060
1840
710
1590
2070
2340
1100
870
1460
380
2120
710
1530
660
1040
1470
1750
1990
1050
1380
1970
1010
1130
1390
860
1260
1110
2000
1360
1600
1000
1750
1250
1200
970
340
1130
970
1020
1620
1800
440
1470
610
830
940
1420
440
460
570
1720
1530
1180
1350
740
1630
1400
320
1170
1600
1100
1430
2010
750
610
910
640
520
1110
1280
1350
660
1050
1290
600
1040
850
380
1740
1770
690
1700
1460
580
590
1350
2050
470
1270
680
610
1510
1360
1390
640
1520
870
900
960
420
830
1860
1520
1080
1110
1910
830
900
1260
1630
1510
620
1600
270
590
1800
1220
1390
940
920
1560
770
980
1540
1190
880
940
1360
830
1070
960
2000
930
1300
1560
1270
1370
410
1410
740
1000
1400
970
860
1470
1610
1890
880
1760
1450
1110
430
890
1260
510
1340
470
910
1800
2040
1460
1740
1580
790
760
920
1450
1460
870
890
340
1990
180
1100
500
1320
1010
2230
910
1170
1990
1430
1800
370
1410
510
1600
590
1030
1100
1240
120
1330
1220
1260
700
1380
870
830
490
660
810
1010
1210
1280
1760
1840
1350
840
1080
630
880
1760
1860
1090
2220
1200
830
680
1060
250
800
340
1270
960
1500
260
1500
1170
620
300
1290
1860
1630
1610
620
1400
700
1780
820
690
1360
1080
1070
950
1910
480
840
1140
880
670
1030
700
1540
720
1190
1550
650
220
1320
1270
950
1410
480
1080
1570
1630
790
700
2490
880
1160
1040
1520
620
1480
980
1360
1630
760
1070
880
1720
390
1010
740
980
820
1000
1020
2460
1410
460
630
1670
1210
1510
1120
1540
830
610
1070
1420
740
1880
940
1290
1990
1630
980
1020
630
660
1530
380
1190
220
990
1630
1770
1450
1020
1570
1140
1930
790
210
780
900
